#time    band  flux        fluxerr      zp     zpsys redshift
1869.68  cspg  0.151818    7.30175e-05  15.271  csp  0.0273
1870.83  cspg  0.187985    0.000145336  15.271  csp  0.0273
1871.79  cspg  0.218033    0.000180479  15.271  csp  0.0273
1872.79  cspg  0.244412    0.000240119  15.271  csp  0.0273
1873.77  cspg  0.266761    0.000348637  15.271  csp  0.0273
1874.71  cspg  0.283742    0.000290567  15.271  csp  0.0273
1878.76  cspg  0.325479    0.000655188  15.271  csp  0.0273
1879.79  cspg  0.326079    0.000329106  15.271  csp  0.0273
1883.77  cspg  0.289283    0.000365954  15.271  csp  0.0273
1884.73  cspg  0.276773    0.000436884  15.271  csp  0.0273
1888.65  cspg  0.210728    0.00016574   15.271  csp  0.0273
1898.68  cspg  0.0823613   2.63801e-05  15.271  csp  0.0273
1900.69  cspg  0.067503    2.08554e-05  15.271  csp  0.0273
1902.67  cspg  0.0576664   1.94782e-05  15.271  csp  0.0273
1908.67  cspg  0.0370956   6.10555e-06  15.271  csp  0.0273
1911.74  cspg  0.0312552   4.68064e-06  15.271  csp  0.0273
1914.66  cspg  0.0271971   5.28963e-06  15.271  csp  0.0273
1915.65  cspg  0.0259253   3.81284e-06  15.271  csp  0.0273
1917.73  cspg  0.0242842   2.61514e-06  15.271  csp  0.0273
1928.6   cspg  0.0202546   2.29442e-06  15.271  csp  0.0273
1931.64  cspg  0.0186433   2.57238e-06  15.271  csp  0.0273
1938.65  cspg  0.0163276   1.15403e-06  15.271  csp  0.0273
1869.68  cspr  0.118976    3.80517e-05  14.975  csp  0.0273
1870.83  cspr  0.146372    6.38813e-05  14.975  csp  0.0273
1871.79  cspr  0.169145    9.17009e-05  14.975  csp  0.0273
1872.79  cspr  0.184612    9.78198e-05  14.975  csp  0.0273
1873.77  cspr  0.202983    0.000206669  14.975  csp  0.0273
1874.71  cspr  0.214911    0.00014303   14.975  csp  0.0273
1878.76  cspr  0.247206    0.000304452  14.975  csp  0.0273
1879.79  cspr  0.248805    0.000171888  14.975  csp  0.0273
1883.77  cspr  0.234995    0.00014902   14.975  csp  0.0273
1884.73  cspr  0.226704    0.00019071   14.975  csp  0.0273
1888.65  cspr  0.181744    0.000109742  14.975  csp  0.0273
1898.68  cspr  0.125389    3.71901e-05  14.975  csp  0.0273
1900.69  cspr  0.121635    5.74481e-05  14.975  csp  0.0273
1902.67  cspr  0.11165     4.63741e-05  14.975  csp  0.0273
1908.67  cspr  0.0828436   2.41918e-05  14.975  csp  0.0273
1911.74  cspr  0.0681489   1.4848e-05   14.975  csp  0.0273
1914.66  cspr  0.0569455   1.29231e-05  14.975  csp  0.0273
1915.65  cspr  0.0549363   1.10256e-05  14.975  csp  0.0273
1917.73  cspr  0.0499182   1.05372e-05  14.975  csp  0.0273
1928.6   cspr  0.0355352   5.56538e-06  14.975  csp  0.0273
1931.64  cspr  0.0342184   6.26973e-06  14.975  csp  0.0273
1938.65  cspr  0.0263669   2.51366e-06  14.975  csp  0.0273
1869.68  cspi  0.0726994   2.06309e-05  14.767  csp  0.0273
1870.83  cspi  0.0879693   3.32291e-05  14.767  csp  0.0273
1871.79  cspi  0.100261    4.60806e-05  14.767  csp  0.0273
1872.79  cspi  0.107629    4.89064e-05  14.767  csp  0.0273
1873.77  cspi  0.111771    8.73412e-05  14.767  csp  0.0273
1874.71  cspi  0.114903    6.47915e-05  14.767  csp  0.0273
1878.76  cspi  0.109026    6.31358e-05  14.767  csp  0.0273
1879.79  cspi  0.102785    4.35879e-05  14.767  csp  0.0273
1883.77  cspi  0.0935688   3.0156e-05   14.767  csp  0.0273
1884.73  cspi  0.0892752   3.44761e-05  14.767  csp  0.0273
1888.65  cspi  0.066793    1.85471e-05  14.767  csp  0.0273
1898.68  cspi  0.0641403   1.50841e-05  14.767  csp  0.0273
1900.69  cspi  0.0633186   2.10969e-05  14.767  csp  0.0273
1902.67  cspi  0.0664249   2.56097e-05  14.767  csp  0.0273
1908.67  cspi  0.0578004   1.55045e-05  14.767  csp  0.0273
1911.74  cspi  0.048032    1.05735e-05  14.767  csp  0.0273
1914.66  cspi  0.0387196   7.11815e-06  14.767  csp  0.0273
1915.65  cspi  0.036302    6.46243e-06  14.767  csp  0.0273
1917.73  cspi  0.0327439   5.30548e-06  14.767  csp  0.0273
1928.6   cspi  0.0208512   2.52473e-06  14.767  csp  0.0273
1931.64  cspi  0.0200231   2.82903e-06  14.767  csp  0.0273
1938.65  cspi  0.0151193   1.13036e-06  14.767  csp  0.0273
1869.68  cspb  0.0693418   1.86756e-05  14.529  csp  0.0273
1870.83  cspb  0.084527    2.75752e-05  14.529  csp  0.0273
1871.79  cspb  0.0996771   4.16407e-05  14.529  csp  0.0273
1872.79  cspb  0.109697    5.29076e-05  14.529  csp  0.0273
1873.77  cspb  0.121729    6.86307e-05  14.529  csp  0.0273
1874.71  cspb  0.129478    7.11813e-05  14.529  csp  0.0273
1878.76  cspb  0.145813    0.000107775  14.529  csp  0.0273
1879.79  cspb  0.144742    5.87822e-05  14.529  csp  0.0273
1883.77  cspb  0.123537    5.53826e-05  14.529  csp  0.0273
1884.73  cspb  0.115397    8.00676e-05  14.529  csp  0.0273
1888.65  cspb  0.0834441   2.67004e-05  14.529  csp  0.0273
1898.68  cspb  0.027002    3.3576e-06   14.529  csp  0.0273
1900.69  cspb  0.0224386   2.78109e-06  14.529  csp  0.0273
1902.67  cspb  0.0187325   2.55022e-06  14.529  csp  0.0273
1908.67  cspb  0.0124794   5.38884e-07  14.529  csp  0.0273
1911.74  cspb  0.00999529  3.68312e-07  14.529  csp  0.0273
1914.66  cspb  0.00928529  3.79872e-07  14.529  csp  0.0273
1915.65  cspb  0.00915789  3.31462e-07  14.529  csp  0.0273
1917.73  cspb  0.00807227  2.93599e-07  14.529  csp  0.0273
1928.6   cspb  0.00667107  3.05598e-07  14.529  csp  0.0273
1931.64  cspb  0.0063066   3.77364e-07  14.529  csp  0.0273
1938.65  cspb  0.00535298  1.48428e-07  14.529  csp  0.0273