#time    band  flux        fluxerr      zp     zpsys redshift
266.52  cspb  0.142614   2.78756e-05  14.529  csp  0.0157
267.52  cspb  0.217252   7.98408e-05  14.529  csp  0.0157
268.52  cspb  0.309146   0.000224994  14.529  csp  0.0157
269.54  cspb  0.402684   0.000311203  14.529  csp  0.0157
270.55  cspb  0.50882    0.00044682   14.529  csp  0.0157
271.55  cspb  0.602231   0.000851223  14.529  csp  0.0157
272.55  cspb  0.693367   0.00145286   14.529  csp  0.0157
273.54  cspb  0.770129   0.00157414   14.529  csp  0.0157
274.51  cspb  0.842098   0.00196808   14.529  csp  0.0157
275.52  cspb  0.901496   0.00280043   14.529  csp  0.0157
276.58  cspb  0.937916   0.00566846   14.529  csp  0.0157
277.51  cspb  0.96775    0.00334368   14.529  csp  0.0157
278.51  cspb  0.980309   0.00402876   14.529  csp  0.0157
279.52  cspb  0.976705   0.0028513    14.529  csp  0.0157
280.51  cspb  0.952715   0.00214355   14.529  csp  0.0157
281.51  cspb  0.916565   0.00194596   14.529  csp  0.0157
287.56  cspb  0.568281   0.000589025  14.529  csp  0.0157
288.56  cspb  0.511167   0.000677993  14.529  csp  0.0157
289.57  cspb  0.456419   0.00051077   14.529  csp  0.0157
290.57  cspb  0.404541   0.000377767  14.529  csp  0.0157
291.55  cspb  0.355928   0.000228583  14.529  csp  0.0157
292.55  cspb  0.314602   0.000201477  14.529  csp  0.0157
294.5   cspb  0.245111   0.000125942  14.529  csp  0.0157
295.5   cspb  0.220477   9.66433e-05  14.529  csp  0.0157
298.53  cspb  0.158549   6.05443e-05  14.529  csp  0.0157
300.51  cspb  0.134451   4.00935e-05  14.529  csp  0.0157
301.51  cspb  0.126056   5.11877e-05  14.529  csp  0.0157
302.51  cspb  0.116564   4.20885e-05  14.529  csp  0.0157
303.51  cspb  0.105139   3.46892e-05  14.529  csp  0.0157
304.52  cspb  0.100038   6.89249e-05  14.529  csp  0.0157
305.51  cspb  0.096597   4.56086e-05  14.529  csp  0.0157
307.55  cspb  0.0801241  3.62732e-05  14.529  csp  0.0157
308.52  cspb  0.0793165  9.64532e-06  14.529  csp  0.0157
309.51  cspb  0.074364   8.20949e-06  14.529  csp  0.0157
310.52  cspb  0.0708212  7.26635e-06  14.529  csp  0.0157
311.52  cspb  0.0685113  6.6883e-06   14.529  csp  0.0157
329.53  cspb  0.0431879  8.20618e-06  14.529  csp  0.0157
341.54  cspb  0.038955   6.70308e-06  14.529  csp  0.0157
266.52  cspg  0.309244   0.000138084  15.271  csp  0.0157
267.52  cspg  0.454046   0.000360696  15.271  csp  0.0157
268.52  cspg  0.631975   0.000824408  15.271  csp  0.0157
271.55  cspg  1.23566    0.00440698   15.271  csp  0.0157
272.55  cspg  1.41742    0.00621072   15.271  csp  0.0157
273.54  cspg  1.58307    0.0143278    15.271  csp  0.0157
274.51  cspg  1.71198    0.00995731   15.271  csp  0.0157
275.52  cspg  1.82936    0.0205674    15.271  csp  0.0157
280.51  cspg  2.00032    0.0146941    15.271  csp  0.0157
281.51  cspg  1.95119    0.0138084    15.271  csp  0.0157
287.56  cspg  1.39412    0.00595857   15.271  csp  0.0157
288.56  cspg  1.28677    0.00487688   15.271  csp  0.0157
289.57  cspg  1.166      0.0038119    15.271  csp  0.0157
290.57  cspg  1.06047    0.00300705   15.271  csp  0.0157
291.55  cspg  0.955653   0.00231815   15.271  csp  0.0157
292.55  cspg  0.8604     0.00178296   15.271  csp  0.0157
294.5   cspg  0.695505   0.00130934   15.271  csp  0.0157
295.5   cspg  0.627336   0.00182106   15.271  csp  0.0157
298.53  cspg  0.468488   0.000682621  15.271  csp  0.0157
300.51  cspg  0.394367   0.000570592  15.271  csp  0.0157
301.51  cspg  0.36166    0.000612723  15.271  csp  0.0157
302.51  cspg  0.328322   0.00056132   15.271  csp  0.0157
303.51  cspg  0.311816   0.000352438  15.271  csp  0.0157
304.52  cspg  0.289668   0.000293145  15.271  csp  0.0157
305.51  cspg  0.264911   0.000234467  15.271  csp  0.0157
307.55  cspg  0.237629   0.000214419  15.271  csp  0.0157
308.52  cspg  0.220343   0.000118351  15.271  csp  0.0157
309.51  cspg  0.21062    0.000171801  15.271  csp  0.0157
310.52  cspg  0.201326   0.000106249  15.271  csp  0.0157
311.52  cspg  0.193508   0.000139003  15.271  csp  0.0157
312.51  cspg  0.182936   9.29144e-05  15.271  csp  0.0157
321.54  cspg  0.142528   3.98266e-05  15.271  csp  0.0157
329.53  cspg  0.129628   7.46167e-05  15.271  csp  0.0157
341.54  cspg  0.105755   6.13841e-05  15.271  csp  0.0157
266.52  cspr  0.200154   7.34636e-05  14.975  csp  0.0157
267.52  cspr  0.282986   0.000218265  14.975  csp  0.0157
268.52  cspr  0.374771   0.00035243   14.975  csp  0.0157
271.55  cspr  0.69529    0.00165224   14.975  csp  0.0157
272.55  cspr  0.790251   0.00227547   14.975  csp  0.0157
273.54  cspr  0.876931   0.00295169   14.975  csp  0.0157
274.51  cspr  0.950967   0.00361471   14.975  csp  0.0157
275.52  cspr  1.00593    0.0083196    14.975  csp  0.0157
276.58  cspr  1.05625    0.00469972   14.975  csp  0.0157
280.51  cspr  1.13283    0.0055985    14.975  csp  0.0157
281.51  cspr  1.12867    0.00554718   14.975  csp  0.0157
287.56  cspr  0.90984    0.00323648   14.975  csp  0.0157
288.56  cspr  0.858551   0.00279944   14.975  csp  0.0157
289.57  cspr  0.805686   0.00238821   14.975  csp  0.0157
290.57  cspr  0.767301   0.00211385   14.975  csp  0.0157
291.55  cspr  0.738186   0.00191899   14.975  csp  0.0157
292.55  cspr  0.710176   0.00174209   14.975  csp  0.0157
294.5   cspr  0.667062   0.00148961   14.975  csp  0.0157
295.5   cspr  0.648882   0.00139018   14.975  csp  0.0157
298.53  cspr  0.593425   0.0013899    14.975  csp  0.0157
300.51  cspr  0.552797   0.00209534   14.975  csp  0.0157
301.51  cspr  0.526946   0.000826175  14.975  csp  0.0157
302.51  cspr  0.507418   0.000751747  14.975  csp  0.0157
303.51  cspr  0.477052   0.000805345  14.975  csp  0.0157
304.52  cspr  0.453487   0.000567639  14.975  csp  0.0157
305.51  cspr  0.424781   0.000723042  14.975  csp  0.0157
307.55  cspr  0.369289   0.000424601  14.975  csp  0.0157
308.52  cspr  0.34211    0.00028059   14.975  csp  0.0157
309.51  cspr  0.319864   0.000355765  14.975  csp  0.0157
310.52  cspr  0.299617   0.000251758  14.975  csp  0.0157
311.52  cspr  0.281946   0.000216263  14.975  csp  0.0157
312.51  cspr  0.266788   0.000188357  14.975  csp  0.0157
321.54  cspr  0.185936   0.000106933  14.975  csp  0.0157
329.53  cspr  0.147287   7.67812e-05  14.975  csp  0.0157
341.54  cspr  0.103411   4.58094e-05  14.975  csp  0.0157
266.52  cspi  0.114667   5.00624e-05  14.767  csp  0.0157
267.52  cspi  0.164983   0.000124312  14.767  csp  0.0157
268.52  cspi  0.22235    0.000224679  14.767  csp  0.0157
271.55  cspi  0.399797   0.000649341  14.767  csp  0.0157
272.55  cspi  0.446518   0.001284     14.767  csp  0.0157
273.54  cspi  0.487347   0.00159795   14.767  csp  0.0157
274.51  cspi  0.509376   0.0011898    14.767  csp  0.0157
275.52  cspi  0.523165   0.00158994   14.767  csp  0.0157
276.58  cspi  0.523165   0.00127196   14.767  csp  0.0157
277.51  cspi  0.507503   0.00206307   14.767  csp  0.0157
278.51  cspi  0.4905     0.00216523   14.767  csp  0.0157
279.52  cspi  0.477572   0.00202536   14.767  csp  0.0157
280.51  cspi  0.469287   0.000969333  14.767  csp  0.0157
281.51  cspi  0.462849   0.000936426  14.767  csp  0.0157
282.51  cspi  0.452313   0.00176809   14.767  csp  0.0157
287.56  cspi  0.360944   0.00050289   14.767  csp  0.0157
288.56  cspi  0.342798   0.000663078  14.767  csp  0.0157
289.57  cspi  0.331618   0.000508609  14.767  csp  0.0157
290.57  cspi  0.323772   0.000383243  14.767  csp  0.0157
291.55  cspi  0.323473   0.000382361  14.767  csp  0.0157
292.55  cspi  0.325566   0.000485717  14.767  csp  0.0157
294.5   cspi  0.335613   0.00041925   14.767  csp  0.0157
295.5   cspi  0.336852   0.000740477  14.767  csp  0.0157
298.53  cspi  0.342798   0.000884104  14.767  csp  0.0157
300.51  cspi  0.337783   0.000958641  14.767  csp  0.0157
301.51  cspi  0.330095   0.000502787  14.767  csp  0.0157
302.51  cspi  0.327671   0.000394887  14.767  csp  0.0157
303.51  cspi  0.323176   0.000476852  14.767  csp  0.0157
304.52  cspi  0.32258    0.00123412   14.767  csp  0.0157
305.51  cspi  0.298565   0.00054766   14.767  csp  0.0157
307.55  cspi  0.267818   0.000357737  14.767  csp  0.0157
308.52  cspi  0.246286   0.000241759  14.767  csp  0.0157
309.51  cspi  0.228792   0.000281522  14.767  csp  0.0157
310.52  cspi  0.211952   0.000232548  14.767  csp  0.0157
311.52  cspi  0.197623   0.000167327  14.767  csp  0.0157
312.51  cspi  0.184773   0.00016501   14.767  csp  0.0157
321.54  cspi  0.121741   7.47578e-05  14.767  csp  0.0157
329.53  cspi  0.0917569  4.50616e-05  14.767  csp  0.0157
341.54  cspi  0.0610716  3.84934e-05  14.767  csp  0.0157