#time    band  flux        fluxerr      zp     zpsys redshift
1869.68  cspb  0.316541   8.52528e-05  14.529  csp  0.0273
1870.83  cspb  0.38586    0.000125879  14.529  csp  0.0273
1871.79  cspb  0.455019   0.000190087  14.529  csp  0.0273
1872.79  cspb  0.500759   0.00024152   14.529  csp  0.0273
1873.77  cspb  0.555685   0.000313294  14.529  csp  0.0273
1874.71  cspb  0.591058   0.000324938  14.529  csp  0.0273
1878.76  cspb  0.665626   0.000491986  14.529  csp  0.0273
1879.79  cspb  0.660737   0.000268337  14.529  csp  0.0273
1883.77  cspb  0.563938   0.000252818  14.529  csp  0.0273
1884.73  cspb  0.526779   0.000365503  14.529  csp  0.0273
1888.65  cspb  0.380917   0.000121886  14.529  csp  0.0273
1898.68  cspb  0.123262   1.53272e-05  14.529  csp  0.0273
1900.69  cspb  0.102431   1.26955e-05  14.529  csp  0.0273
1902.67  cspb  0.0855126  1.16416e-05  14.529  csp  0.0273
1908.67  cspb  0.0569676  2.45997e-06  14.529  csp  0.0273
1911.74  cspb  0.0456278  1.68132e-06  14.529  csp  0.0273
1914.66  cspb  0.0423867  1.73409e-06  14.529  csp  0.0273
1915.65  cspb  0.0418051  1.5131e-06   14.529  csp  0.0273
1917.73  cspb  0.0368494  1.34026e-06  14.529  csp  0.0273
1928.6   cspb  0.030453   1.39503e-06  14.529  csp  0.0273
1931.64  cspb  0.0287892  1.72264e-06  14.529  csp  0.0273
1938.65  cspb  0.024436   6.77564e-07  14.529  csp  0.0273
1869.68  cspg  0.65205    0.000313606  15.271  csp  0.0273
1870.83  cspg  0.807386   0.00062421   15.271  csp  0.0273
1871.79  cspg  0.93644    0.000775148  15.271  csp  0.0273
1872.79  cspg  1.04974    0.0010313    15.271  csp  0.0273
1873.77  cspg  1.14572    0.00149738   15.271  csp  0.0273
1874.71  cspg  1.21866    0.00124797   15.271  csp  0.0273
1878.76  cspg  1.39792    0.002814     15.271  csp  0.0273
1879.79  cspg  1.40049    0.00141349   15.271  csp  0.0273
1883.77  cspg  1.24246    0.00157175   15.271  csp  0.0273
1884.73  cspg  1.18873    0.00187639   15.271  csp  0.0273
1888.65  cspg  0.905066   0.000711845  15.271  csp  0.0273
1898.68  cspg  0.353737   0.000113301  15.271  csp  0.0273
1900.69  cspg  0.289922   8.95728e-05  15.271  csp  0.0273
1902.67  cspg  0.247674   8.36578e-05  15.271  csp  0.0273
1908.67  cspg  0.159324   2.6223e-05   15.271  csp  0.0273
1911.74  cspg  0.134239   2.01031e-05  15.271  csp  0.0273
1914.66  cspg  0.11681    2.27187e-05  15.271  csp  0.0273
1915.65  cspg  0.111348   1.63759e-05  15.271  csp  0.0273
1917.73  cspg  0.104299   1.12319e-05  15.271  csp  0.0273
1928.6   cspg  0.0869924  9.85441e-06  15.271  csp  0.0273
1931.64  cspg  0.080072   1.10482e-05  15.271  csp  0.0273
1938.65  cspg  0.0701262  4.9565e-06   15.271  csp  0.0273
1869.68  cspr  0.388362   0.000124209  14.975  csp  0.0273
1870.83  cspr  0.477788   0.000208522  14.975  csp  0.0273
1871.79  cspr  0.552124   0.00029933   14.975  csp  0.0273
1872.79  cspr  0.602611   0.000319304  14.975  csp  0.0273
1873.77  cspr  0.662578   0.00067461   14.975  csp  0.0273
1874.71  cspr  0.701513   0.000466879  14.975  csp  0.0273
1878.76  cspr  0.806931   0.000993793  14.975  csp  0.0273
1879.79  cspr  0.81215    0.000561077  14.975  csp  0.0273
1883.77  cspr  0.767072   0.000486432  14.975  csp  0.0273
1884.73  cspr  0.740008   0.000622516  14.975  csp  0.0273
1888.65  cspr  0.593249   0.00035822   14.975  csp  0.0273
1898.68  cspr  0.409295   0.000121396  14.975  csp  0.0273
1900.69  cspr  0.397041   0.000187522  14.975  csp  0.0273
1902.67  cspr  0.364448   0.000151375  14.975  csp  0.0273
1908.67  cspr  0.270418   7.8967e-05   14.975  csp  0.0273
1911.74  cspr  0.222452   4.84669e-05  14.975  csp  0.0273
1914.66  cspr  0.185882   4.21836e-05  14.975  csp  0.0273
1915.65  cspr  0.179323   3.59898e-05  14.975  csp  0.0273
1917.73  cspr  0.162943   3.43956e-05  14.975  csp  0.0273
1928.6   cspr  0.115994   1.81665e-05  14.975  csp  0.0273
1931.64  cspr  0.111696   2.04657e-05  14.975  csp  0.0273
1938.65  cspr  0.0860669  8.2051e-06   14.975  csp  0.0273
1869.68  cspi  0.221257   6.27892e-05  14.767  csp  0.0273
1870.83  cspi  0.267731   0.000101131  14.767  csp  0.0273
1871.79  cspi  0.30514    0.000140244  14.767  csp  0.0273
1872.79  cspi  0.327564   0.000148844  14.767  csp  0.0273
1873.77  cspi  0.34017    0.000265819  14.767  csp  0.0273
1874.71  cspi  0.349702   0.00019719   14.767  csp  0.0273
1878.76  cspi  0.331816   0.000192151  14.767  csp  0.0273
1879.79  cspi  0.312822   0.000132658  14.767  csp  0.0273
1883.77  cspi  0.284772   9.17784e-05  14.767  csp  0.0273
1884.73  cspi  0.271705   0.000104926  14.767  csp  0.0273
1888.65  cspi  0.203281   5.64473e-05  14.767  csp  0.0273
1898.68  cspi  0.195208   4.59078e-05  14.767  csp  0.0273
1900.69  cspi  0.192707   6.42075e-05  14.767  csp  0.0273
1902.67  cspi  0.202161   7.7942e-05   14.767  csp  0.0273
1908.67  cspi  0.175913   4.71872e-05  14.767  csp  0.0273
1911.74  cspi  0.146183   3.218e-05    14.767  csp  0.0273
1914.66  cspi  0.117841   2.16638e-05  14.767  csp  0.0273
1915.65  cspi  0.110484   1.96681e-05  14.767  csp  0.0273
1917.73  cspi  0.0996546  1.6147e-05   14.767  csp  0.0273
1928.6   cspi  0.0634597  7.6839e-06   14.767  csp  0.0273
1931.64  cspi  0.0609394  8.61003e-06  14.767  csp  0.0273
1938.65  cspi  0.0460149  3.4402e-06   14.767  csp  0.0273