#time    band  flux        fluxerr      zp     zpsys redshift
54776.2  cspg  0.211641    0.00116957   0  csp  0.0334229
54779.3  cspg  0.220191    0.00182523   0  csp  0.0334229
54781.2  cspg  0.216371    0.00219214   0  csp  0.0334229
54783.2  cspg  0.200632    0.00203268   0  csp  0.0334229
54786.3  cspg  0.176035    0.00129708   0  csp  0.0334229
54790.2  cspg  0.13983     0.00115909   0  csp  0.0334229
54792.2  cspg  0.118686    0.000983826  0  csp  0.0334229
54801.3  cspg  0.0508159   0.000421229  0  csp  0.0334229
54802.2  cspg  0.047076    0.000433586  0  csp  0.0334229
54803.3  cspg  0.0423058   0.000428616  0  csp  0.0334229
54806.2  cspg  0.0332966   0.000398675  0  csp  0.0334229
54808.2  cspg  0.0288403   0.00045157   0  csp  0.0334229
54809.2  cspg  0.0269401   0.000694758  0  csp  0.0334229
54810.2  cspg  0.0248428   0.000777955  0  csp  0.0334229
54813.1  cspg  0.0207778   0.00078462   0  csp  0.0334229
54776.2  cspr  0.158782    0.000877459  0  csp  0.0334229
54779.3  cspr  0.17394     0.00176225   0  csp  0.0334229
54781.2  cspr  0.172028    0.00174288   0  csp  0.0334229
54783.2  cspr  0.169981    0.00156558   0  csp  0.0334229
54786.3  cspr  0.153462    0.00127209   0  csp  0.0334229
54790.2  cspr  0.123709    0.0011394    0  csp  0.0334229
54792.2  cspr  0.109648    0.000807915  0  csp  0.0334229
54793.2  cspr  0.104328    0.000768716  0  csp  0.0334229
54795.2  cspr  0.0979039   0.00117225   0  csp  0.0334229
54801.3  cspr  0.0846447   0.000701646  0  csp  0.0334229
54802.2  cspr  0.0836373   0.000693295  0  csp  0.0334229
54803.3  cspr  0.0827942   0.00061005   0  csp  0.0334229
54806.2  cspr  0.0736546   0.000610546  0  csp  0.0334229
54808.2  cspr  0.0690558   0.000636027  0  csp  0.0334229
54809.2  cspr  0.0651628   0.000660189  0  csp  0.0334229
54810.2  cspr  0.061546    0.00085029   0  csp  0.0334229
54813.1  cspr  0.0525291   0.000725716  0  csp  0.0334229
54772.3  cspi  0.0717133   0.000660504  0  csp  0.0334229
54776.2  cspi  0.0806121   0.000668218  0  csp  0.0334229
54779.3  cspi  0.0753009   0.000832256  0  csp  0.0334229
54781.2  cspi  0.0715814   0.000923004  0  csp  0.0334229
54783.2  cspi  0.0713181   0.00124804   0  csp  0.0334229
54786.3  cspi  0.0629796   0.000754083  0  csp  0.0334229
54790.2  cspi  0.0455827   0.000545782  0  csp  0.0334229
54792.2  cspi  0.0404017   0.000483748  0  csp  0.0334229
54793.2  cspi  0.0410015   0.000528693  0  csp  0.0334229
54795.2  cspi  0.0393731   0.000652752  0  csp  0.0334229
54801.3  cspi  0.0438935   0.000565983  0  csp  0.0334229
54802.2  cspi  0.0436918   0.000523141  0  csp  0.0334229
54803.3  cspi  0.0465586   0.000557467  0  csp  0.0334229
54806.2  cspi  0.0462168   0.000553374  0  csp  0.0334229
54808.2  cspi  0.0449987   0.000497344  0  csp  0.0334229
54809.2  cspi  0.0445862   0.00053385   0  csp  0.0334229
54810.2  cspi  0.0422669   0.000700726  0  csp  0.0334229
54813.1  cspi  0.0376704   0.000520436  0  csp  0.0334229
