#time    band  flux        fluxerr      zp     zpsys redshift
1348.76  cspg  0.537184    0.0017196    15.271  csp  0.0141
1349.73  cspg  0.552743    0.00215464   15.271  csp  0.0141
1351.65  cspg  0.547171    0.00150053   15.271  csp  0.0141
1354.69  cspg  0.467007    0.00100982   15.271  csp  0.0141
1357.66  cspg  0.355896    0.000511971  15.271  csp  0.0141
1359.64  cspg  0.27805     0.000276214  15.271  csp  0.0141
1362.63  cspg  0.190074    0.000128064  15.271  csp  0.0141
1363.61  cspg  0.17415     0.000120053  15.271  csp  0.0141
1364.65  cspg  0.150011    8.26749e-05  15.271  csp  0.0141
1365.66  cspg  0.132228    6.89232e-05  15.271  csp  0.0141
1368.64  cspg  0.095175    6.05893e-05  15.271  csp  0.0141
1375.56  cspg  0.0567705   9.36522e-06  15.271  csp  0.0141
1376.55  cspg  0.0489918   9.35878e-06  15.271  csp  0.0141
1378.68  cspg  0.0506434   8.60337e-06  15.271  csp  0.0141
1380.63  cspg  0.0467868   7.05778e-06  15.271  csp  0.0141
1382.63  cspg  0.0453443   6.52632e-06  15.271  csp  0.0141
1383.61  cspg  0.0437445   6.50814e-06  15.271  csp  0.0141
1385.62  cspg  0.0410888   6.02864e-06  15.271  csp  0.0141
1392.57  cspg  0.0357868   4.59625e-06  15.271  csp  0.0141
1394.61  cspg  0.0343655   5.63676e-06  15.271  csp  0.0141
1395.53  cspg  0.0329703   5.88435e-06  15.271  csp  0.0141
1400.56  cspg  0.0298485   7.30035e-06  15.271  csp  0.0141
1407.57  cspg  0.0288485   3.44785e-06  15.271  csp  0.0141
1417.55  cspg  0.0244412   2.15142e-06  15.271  csp  0.0141
1421.53  cspg  0.0235572   2.53921e-06  15.271  csp  0.0141
1426.58  cspg  0.0211701   5.12512e-06  15.271  csp  0.0141
1440.53  cspg  0.0190249   2.23249e-06  15.271  csp  0.0141
1348.76  cspr  0.494606    0.000957736  14.975  csp  0.0141
1349.73  cspr  0.513168    0.00126016   14.975  csp  0.0141
1351.65  cspr  0.532916    0.000923285  14.975  csp  0.0141
1354.69  cspr  0.50473     0.000806001  14.975  csp  0.0141
1357.66  cspr  0.422532    0.000516816  14.975  csp  0.0141
1359.64  cspr  0.377972    0.000391143  14.975  csp  0.0141
1362.63  cspr  0.339046    0.000298082  14.975  csp  0.0141
1363.61  cspr  0.338422    0.000296712  14.975  csp  0.0141
1364.65  cspr  0.314383    0.000246795  14.975  csp  0.0141
1365.66  cspr  0.30413     0.000283952  14.975  csp  0.0141
1368.64  cspr  0.253197    0.00028732   14.975  csp  0.0141
1375.56  cspr  0.138631    4.77999e-05  14.975  csp  0.0141
1376.55  cspr  0.12772     3.24523e-05  14.975  csp  0.0141
1378.68  cspr  0.11499     3.49441e-05  14.975  csp  0.0141
1380.63  cspr  0.106037    4.07639e-05  14.975  csp  0.0141
1382.63  cspr  0.0977821   2.3301e-05   14.975  csp  0.0141
1383.61  cspr  0.0934672   2.37884e-05  14.975  csp  0.0141
1385.62  cspr  0.0864289   1.95599e-05  14.975  csp  0.0141
1392.57  cspr  0.0679609   1.74269e-05  14.975  csp  0.0141
1394.61  cspr  0.0632498   1.34418e-05  14.975  csp  0.0141
1395.53  cspr  0.0614128   1.35275e-05  14.975  csp  0.0141
1400.56  cspr  0.0507995   1.10084e-05  14.975  csp  0.0141
1407.57  cspr  0.0405004   4.41019e-06  14.975  csp  0.0141
1417.55  cspr  0.0292859   2.45113e-06  14.975  csp  0.0141
1421.53  cspr  0.0242247   2.03379e-06  14.975  csp  0.0141
1426.58  cspr  0.0214516   3.4517e-06   14.975  csp  0.0141
1428.54  cspr  0.0206756   4.24294e-06  14.975  csp  0.0141
1440.53  cspr  0.0130334   5.18187e-07  14.975  csp  0.0141
1348.76  cspi  0.260814    0.00044706   14.767  csp  0.0141
1349.73  cspi  0.258899    0.0004389    14.767  csp  0.0141
1351.65  cspi  0.25629     0.000267452  14.767  csp  0.0141
1354.69  cspi  0.233524    0.000254347  14.767  csp  0.0141
1357.66  cspi  0.191572    0.000129195  14.767  csp  0.0141
1359.64  cspi  0.180772    0.00011175   14.767  csp  0.0141
1362.63  cspi  0.187211    0.000121968  14.767  csp  0.0141
1363.61  cspi  0.198944    0.000141986  14.767  csp  0.0141
1364.65  cspi  0.195133    0.000135284  14.767  csp  0.0141
1365.66  cspi  0.196576    0.000137799  14.767  csp  0.0141
1368.64  cspi  0.181439    0.000157897  14.767  csp  0.0141
1375.56  cspi  0.0998921   5.58044e-05  14.767  csp  0.0141
1376.55  cspi  0.0944346   3.08584e-05  14.767  csp  0.0141
1378.68  cspi  0.0833933   2.58444e-05  14.767  csp  0.0141
1380.63  cspi  0.0750812   2.48471e-05  14.767  csp  0.0141
1382.63  cspi  0.0682859   1.96009e-05  14.767  csp  0.0141
1383.61  cspi  0.0643178   1.85639e-05  14.767  csp  0.0141
1385.62  cspi  0.058875    1.62352e-05  14.767  csp  0.0141
1392.57  cspi  0.0460395   1.17057e-05  14.767  csp  0.0141
1394.61  cspi  0.0405444   8.51914e-06  14.767  csp  0.0141
1395.53  cspi  0.0399513   8.72418e-06  14.767  csp  0.0141
1400.56  cspi  0.0335994   7.65603e-06  14.767  csp  0.0141
1407.57  cspi  0.0261054   3.71959e-06  14.767  csp  0.0141
1417.55  cspi  0.0192279   2.30905e-06  14.767  csp  0.0141
1421.53  cspi  0.0162754   1.35899e-06  14.767  csp  0.0141
1426.58  cspi  0.0145322   2.21141e-06  14.767  csp  0.0141
1428.54  cspi  0.0130356   1.84131e-06  14.767  csp  0.0141
1440.53  cspi  0.0101562   5.5181e-07   14.767  csp  0.0141
1348.76  cspb  0.225837    0.0002145    14.529  csp  0.0141
1349.73  cspb  0.23046     0.000263253  14.529  csp  0.0141
1351.65  cspb  0.222329    0.000171888  14.529  csp  0.0141
1354.69  cspb  0.179224    0.000120345  14.529  csp  0.0141
1357.66  cspb  0.121617    4.56485e-05  14.529  csp  0.0141
1359.64  cspb  0.0896593   2.48527e-05  14.529  csp  0.0141
1362.63  cspb  0.0588025   1.23673e-05  14.529  csp  0.0141
1363.61  cspb  0.0540749   1.10324e-05  14.529  csp  0.0141
1364.65  cspb  0.0467515   7.66776e-06  14.529  csp  0.0141
1365.66  cspb  0.0419755   7.45425e-06  14.529  csp  0.0141
1368.64  cspb  0.0298535   1.31736e-05  14.529  csp  0.0141
1376.55  cspb  0.0170685   1.01053e-06  14.529  csp  0.0141
1378.68  cspb  0.0154666   7.89856e-07  14.529  csp  0.0141
1380.63  cspb  0.0150174   7.3375e-07   14.529  csp  0.0141
1382.63  cspb  0.0139507   7.12025e-07  14.529  csp  0.0141
1383.61  cspb  0.0141578   5.98032e-07  14.529  csp  0.0141
1385.62  cspb  0.0132738   6.88658e-07  14.529  csp  0.0141
1392.57  cspb  0.0120391   5.39515e-07  14.529  csp  0.0141
1394.61  cspb  0.0114445   7.44009e-07  14.529  csp  0.0141
1395.53  cspb  0.0112978   8.60487e-07  14.529  csp  0.0141
1400.56  cspb  0.0116895   1.11134e-06  14.529  csp  0.0141
1407.57  cspb  0.00863367  2.9626e-07   14.529  csp  0.0141
1417.55  cspb  0.00830607  2.41129e-07  14.529  csp  0.0141
1421.53  cspb  0.00733492  2.99039e-07  14.529  csp  0.0141
1426.58  cspb  0.00768768  5.9617e-07   14.529  csp  0.0141
1440.53  cspb  0.00601167  9.50612e-08  14.529  csp  0.0141