#time    band  flux        fluxerr      zp     zpsys redshift
397.73  cspb  0.4484     0.000443087  14.529  csp  0.022
398.76  cspb  0.494839   0.000392452  14.529  csp  0.022
399.72  cspb  0.545085   0.00049979   14.529  csp  0.022
400.72  cspb  0.582995   0.000525577  14.529  csp  0.022
401.7   cspb  0.614419   0.000449466  14.529  csp  0.022
402.69  cspb  0.635133   0.000569697  14.529  csp  0.022
403.74  cspb  0.666291   0.000642159  14.529  csp  0.022
404.72  cspb  0.672456   0.000750993  14.529  csp  0.022
406.72  cspb  0.679305   0.000866539  14.529  csp  0.022
407.77  cspb  0.662011   0.000722162  14.529  csp  0.022
408.73  cspb  0.649328   0.000774083  14.529  csp  0.022
409.73  cspb  0.632215   0.000724082  14.529  csp  0.022
410.74  cspb  0.608785   0.000585647  14.529  csp  0.022
411.73  cspb  0.586227   0.000466277  14.529  csp  0.022
412.72  cspb  0.553689   0.000461993  14.529  csp  0.022
413.7   cspb  0.537606   0.000482823  14.529  csp  0.022
414.68  cspb  0.508704   0.000373795  14.529  csp  0.022
415.73  cspb  0.471697   0.000386853  14.529  csp  0.022
416.66  cspb  0.444288   0.00029977   14.529  csp  0.022
417.71  cspb  0.408192   0.000269492  14.529  csp  0.022
418.71  cspb  0.376761   0.000198512  14.529  csp  0.022
419.68  cspb  0.345515   0.000195406  14.529  csp  0.022
420.74  cspb  0.30936    0.000148231  14.529  csp  0.022
421.77  cspb  0.275718   0.000151578  14.529  csp  0.022
422.69  cspb  0.26234    0.00024094   14.529  csp  0.022
424.67  cspb  0.211283   0.000270115  14.529  csp  0.022
426.67  cspb  0.180828   8.80005e-05  14.529  csp  0.022
427.67  cspb  0.173167   6.94973e-05  14.529  csp  0.022
428.64  cspb  0.154051   5.65922e-05  14.529  csp  0.022
429.66  cspb  0.143637   5.34452e-05  14.529  csp  0.022
430.65  cspb  0.134173   3.50563e-05  14.529  csp  0.022
431.62  cspb  0.120577   2.68389e-05  14.529  csp  0.022
432.65  cspb  0.108759   2.17254e-05  14.529  csp  0.022
436.66  cspb  0.084036   7.25559e-06  14.529  csp  0.022
438.65  cspb  0.0757993  6.40715e-06  14.529  csp  0.022
444.67  cspb  0.0555732  3.68617e-06  14.529  csp  0.022
445.66  cspb  0.0539591  3.2531e-06   14.529  csp  0.022
446.67  cspb  0.0510582  3.28072e-06  14.529  csp  0.022
453.58  cspb  0.0399268  5.1609e-06   14.529  csp  0.022
454.61  cspb  0.0429798  4.84746e-06  14.529  csp  0.022
455.62  cspb  0.0378849  4.24323e-06  14.529  csp  0.022
456.59  cspb  0.038165   3.24157e-06  14.529  csp  0.022
457.59  cspb  0.036481   2.31658e-06  14.529  csp  0.022
458.58  cspb  0.038165   2.23309e-06  14.529  csp  0.022
459.57  cspb  0.0366157  1.62362e-06  14.529  csp  0.022
460.57  cspb  0.035881   1.04953e-06  14.529  csp  0.022
464.55  cspb  0.0335788  1.09841e-06  14.529  csp  0.022
465.61  cspb  0.0338582  1.12141e-06  14.529  csp  0.022
466.6   cspb  0.032097   9.81217e-07  14.529  csp  0.022
472.55  cspb  0.0302318  7.24131e-07  14.529  csp  0.022
474.53  cspb  0.0284227  7.92999e-07  14.529  csp  0.022
476.52  cspb  0.0302597  1.24999e-06  14.529  csp  0.022
478.55  cspb  0.0279811  1.19357e-06  14.529  csp  0.022
479.55  cspb  0.0277246  1.7172e-06   14.529  csp  0.022
480.51  cspb  0.0272687  1.27447e-06  14.529  csp  0.022
396.77  cspg  0.803534   0.00297569   15.271  csp  0.022
397.73  cspg  0.891671   0.002509     15.271  csp  0.022
398.76  cspg  1.0172     0.00241435   15.271  csp  0.022
399.72  cspg  1.10919    0.00333086   15.271  csp  0.022
400.72  cspg  1.19951    0.00283567   15.271  csp  0.022
401.7   cspg  1.24912    0.00313801   15.271  csp  0.022
402.69  cspg  1.32009    0.00360294   15.271  csp  0.022
403.74  cspg  1.3951     0.00531862   15.271  csp  0.022
404.72  cspg  1.40671    0.00482667   15.271  csp  0.022
406.72  cspg  1.43815    0.00573851   15.271  csp  0.022
407.77  cspg  1.39125    0.00410825   15.271  csp  0.022
408.73  cspg  1.37976    0.00459883   15.271  csp  0.022
409.73  cspg  1.35084    0.00381641   15.271  csp  0.022
410.74  cspg  1.31524    0.00305992   15.271  csp  0.022
411.73  cspg  1.27352    0.00282299   15.271  csp  0.022
412.72  cspg  1.21956    0.00253343   15.271  csp  0.022
413.7   cspg  1.16575    0.00339467   15.271  csp  0.022
414.68  cspg  1.12048    0.00273305   15.271  csp  0.022
415.73  cspg  1.08194    0.00219106   15.271  csp  0.022
416.66  cspg  1.02661    0.00219607   15.271  csp  0.022
417.71  cspg  0.966951   0.00189081   15.271  csp  0.022
418.71  cspg  0.904907   0.00160194   15.271  csp  0.022
419.68  cspg  0.842179   0.00133859   15.271  csp  0.022
420.74  cspg  0.769492   0.00146876   15.271  csp  0.022
421.77  cspg  0.706325   0.00161677   15.271  csp  0.022
422.69  cspg  0.669585   0.00150896   15.271  csp  0.022
423.66  cspg  0.608983   0.00401744   15.271  csp  0.022
424.67  cspg  0.561572   0.00236931   15.271  csp  0.022
425.66  cspg  0.523605   0.00127496   15.271  csp  0.022
426.67  cspg  0.48731    0.00068183   15.271  csp  0.022
427.67  cspg  0.452693   0.000531677  15.271  csp  0.022
428.64  cspg  0.420926   0.000384149  15.271  csp  0.022
429.66  cspg  0.384949   0.000283621  15.271  csp  0.022
430.65  cspg  0.360252   0.00028034   15.271  csp  0.022
431.62  cspg  0.335278   0.000200788  15.271  csp  0.022
432.65  cspg  0.316375   0.000173675  15.271  csp  0.022
436.66  cspg  0.240439   7.28714e-05  15.271  csp  0.022
438.65  cspg  0.21311    6.46753e-05  15.271  csp  0.022
444.67  cspg  0.157835   3.3075e-05   15.271  csp  0.022
445.66  cspg  0.148117   2.82163e-05  15.271  csp  0.022
446.67  cspg  0.14106    2.8817e-05   15.271  csp  0.022
452.6   cspg  0.118852   0.000212817  15.271  csp  0.022
453.58  cspg  0.120394   5.68865e-05  15.271  csp  0.022
454.61  cspg  0.112048   3.56511e-05  15.271  csp  0.022
455.62  cspg  0.116253   4.14596e-05  15.271  csp  0.022
456.59  cspg  0.103515   2.83601e-05  15.271  csp  0.022
457.59  cspg  0.10304    2.4531e-05   15.271  csp  0.022
458.58  cspg  0.101532   1.60439e-05  15.271  csp  0.022
459.57  cspg  0.0994041  1.36146e-05  15.271  csp  0.022
460.57  cspg  0.0985836  1.09821e-05  15.271  csp  0.022
464.55  cspg  0.0942332  9.10962e-06  15.271  csp  0.022
465.61  cspg  0.0899922  7.49444e-06  15.271  csp  0.022
466.6   cspg  0.0903244  9.45473e-06  15.271  csp  0.022
472.55  cspg  0.0823767  5.50744e-06  15.271  csp  0.022
474.53  cspg  0.0806499  6.17306e-06  15.271  csp  0.022
476.52  cspg  0.0765957  7.09587e-06  15.271  csp  0.022
478.55  cspg  0.0773045  1.15324e-05  15.271  csp  0.022
479.55  cspg  0.0770201  1.98909e-05  15.271  csp  0.022
480.51  cspg  0.0763843  1.11923e-05  15.271  csp  0.022
397.73  cspr  0.516518   0.00100404   14.975  csp  0.022
398.76  cspr  0.577412   0.000702336  14.975  csp  0.022
399.72  cspr  0.642519   0.00112123   14.975  csp  0.022
400.72  cspr  0.6728     0.000800574  14.975  csp  0.022
401.7   cspr  0.725582   0.000966943  14.975  csp  0.022
402.69  cspr  0.746598   0.00118684   14.975  csp  0.022
403.74  cspr  0.769638   0.00112047   14.975  csp  0.022
404.72  cspr  0.795586   0.00139121   14.975  csp  0.022
406.72  cspr  0.812618   0.00165023   14.975  csp  0.022
407.77  cspr  0.823923   0.00151842   14.975  csp  0.022
408.73  cspr  0.833848   0.0019557    14.975  csp  0.022
409.73  cspr  0.820136   0.00150104   14.975  csp  0.022
410.74  cspr  0.823923   0.00132862   14.975  csp  0.022
411.73  cspr  0.805911   0.00143679   14.975  csp  0.022
412.72  cspr  0.790473   0.00136897   14.975  csp  0.022
413.7   cspr  0.765397   0.00142084   14.975  csp  0.022
414.68  cspr  0.7418     0.00102188   14.975  csp  0.022
415.73  cspr  0.70972    0.00130708   14.975  csp  0.022
416.66  cspr  0.681533   0.00106303   14.975  csp  0.022
417.71  cspr  0.644891   0.00102873   14.975  csp  0.022
418.71  cspr  0.617003   0.000828982  14.975  csp  0.022
419.68  cspr  0.580078   0.000710469  14.975  csp  0.022
420.74  cspr  0.557039   0.000642015  14.975  csp  0.022
421.77  cspr  0.518904   0.000657197  14.975  csp  0.022
422.69  cspr  0.505691   0.000672178  14.975  csp  0.022
424.67  cspr  0.495093   0.00164689   14.975  csp  0.022
425.66  cspr  0.478505   0.000878164  14.975  csp  0.022
426.67  cspr  0.467613   0.00059875   14.975  csp  0.022
427.67  cspr  0.45278    0.0005099    14.975  csp  0.022
428.64  cspr  0.448215   0.000538575  14.975  csp  0.022
429.66  cspr  0.438013   0.000352003  14.975  csp  0.022
430.65  cspr  0.426467   0.000329266  14.975  csp  0.022
431.62  cspr  0.412939   0.000337523  14.975  csp  0.022
432.65  cspr  0.409908   0.000331362  14.975  csp  0.022
436.66  cspr  0.361648   0.000218045  14.975  csp  0.022
438.65  cspr  0.343152   0.000191225  14.975  csp  0.022
444.67  cspr  0.251123   9.73427e-05  14.975  csp  0.022
445.66  cspr  0.241149   8.79636e-05  14.975  csp  0.022
446.67  cspr  0.224433   8.0853e-05   14.975  csp  0.022
453.58  cspr  0.165001   7.15356e-05  14.975  csp  0.022
454.61  cspr  0.164092   5.71152e-05  14.975  csp  0.022
455.62  cspr  0.15962    5.33031e-05  14.975  csp  0.022
456.59  cspr  0.154556   4.33905e-05  14.975  csp  0.022
457.59  cspr  0.151038   3.27707e-05  14.975  csp  0.022
458.58  cspr  0.147193   3.32848e-05  14.975  csp  0.022
459.57  cspr  0.141738   2.79567e-05  14.975  csp  0.022
460.57  cspr  0.136486   2.5438e-05   14.975  csp  0.022
464.55  cspr  0.124476   2.189e-05    14.975  csp  0.022
465.61  cspr  0.120195   1.85133e-05  14.975  csp  0.022
466.6   cspr  0.117027   1.73175e-05  14.975  csp  0.022
472.55  cspr  0.100158   9.7792e-06   14.975  csp  0.022
474.53  cspr  0.0943379  9.26181e-06  14.975  csp  0.022
476.52  cspr  0.0903414  1.20899e-05  14.975  csp  0.022
478.55  cspr  0.0855631  1.12138e-05  14.975  csp  0.022
479.55  cspr  0.0805169  2.03988e-05  14.975  csp  0.022
480.51  cspr  0.0811123  1.21206e-05  14.975  csp  0.022
397.73  cspi  0.263908   0.000504656  14.767  csp  0.022
398.76  cspi  0.295021   0.000229931  14.767  csp  0.022
399.72  cspi  0.322889   0.000259321  14.767  csp  0.022
400.72  cspi  0.339353   0.000195771  14.767  csp  0.022
401.7   cspi  0.357975   0.000261033  14.767  csp  0.022
402.69  cspi  0.355019   0.000255679  14.767  csp  0.022
403.74  cspi  0.35404    0.000253918  14.767  csp  0.022
404.72  cspi  0.346299   0.000274592  14.767  csp  0.022
406.72  cspi  0.327078   0.000297576  14.767  csp  0.022
407.77  cspi  0.321996   0.000314766  14.767  csp  0.022
408.73  cspi  0.313798   0.000295114  14.767  csp  0.022
409.73  cspi  0.310635   0.000261575  14.767  csp  0.022
410.74  cspi  0.303845   0.000272263  14.767  csp  0.022
411.73  cspi  0.289636   0.000241541  14.767  csp  0.022
412.72  cspi  0.285662   0.000318192  14.767  csp  0.022
413.7   cspi  0.277877   0.000237563  14.767  csp  0.022
414.68  cspi  0.258138   0.000214062  14.767  csp  0.022
415.73  cspi  0.24949    0.000181459  14.767  csp  0.022
416.66  cspi  0.233052   0.000165783  14.767  csp  0.022
417.71  cspi  0.222357   0.000136075  14.767  csp  0.022
418.71  cspi  0.208859   0.000126049  14.767  csp  0.022
419.68  cspi  0.197084   0.000100642  14.767  csp  0.022
420.74  cspi  0.190657   0.000115794  14.767  csp  0.022
421.77  cspi  0.193844   0.000168972  14.767  csp  0.022
422.69  cspi  0.183253   0.000195774  14.767  csp  0.022
425.66  cspi  0.192421   0.00026858   14.767  csp  0.022
426.67  cspi  0.192067   0.0001494    14.767  csp  0.022
427.67  cspi  0.198908   0.000145897  14.767  csp  0.022
428.64  cspi  0.194918   0.000130532  14.767  csp  0.022
429.66  cspi  0.195818   0.000107285  14.767  csp  0.022
430.65  cspi  0.200933   0.00011443   14.767  csp  0.022
431.62  cspi  0.203354   0.000136047  14.767  csp  0.022
432.65  cspi  0.198725   0.000128436  14.767  csp  0.022
436.66  cspi  0.194201   0.000105085  14.767  csp  0.022
438.65  cspi  0.195998   9.92609e-05  14.767  csp  0.022
444.67  cspi  0.153409   5.37995e-05  14.767  csp  0.022
445.66  cspi  0.144096   4.60021e-05  14.767  csp  0.022
446.67  cspi  0.136098   4.32056e-05  14.767  csp  0.022
453.58  cspi  0.0905842  3.36321e-05  14.767  csp  0.022
454.61  cspi  0.091929   2.36783e-05  14.767  csp  0.022
455.62  cspi  0.086189   2.2275e-05   14.767  csp  0.022
456.59  cspi  0.0852418  2.06361e-05  14.767  csp  0.022
457.59  cspi  0.0823857  1.61082e-05  14.767  csp  0.022
458.58  cspi  0.0792597  1.46233e-05  14.767  csp  0.022
459.57  cspi  0.0756925  1.22664e-05  14.767  csp  0.022
460.57  cspi  0.0730218  1.12129e-05  14.767  csp  0.022
464.55  cspi  0.0641877  9.13838e-06  14.767  csp  0.022
465.61  cspi  0.0612424  7.223e-06    14.767  csp  0.022
466.6   cspi  0.0599034  8.54333e-06  14.767  csp  0.022
472.55  cspi  0.0475831  5.52491e-06  14.767  csp  0.022
474.53  cspi  0.0466716  4.34862e-06  14.767  csp  0.022
476.52  cspi  0.0439594  4.3353e-06   14.767  csp  0.022
478.55  cspi  0.0426828  4.7596e-06   14.767  csp  0.022
479.55  cspi  0.0433963  1.03036e-05  14.767  csp  0.022
480.51  cspi  0.0381111  5.10267e-06  14.767  csp  0.022