#time    band  flux        fluxerr      zp     zpsys redshift
1348.76  cspb  0.679463   0.000645354  14.529  csp  0.0141
1349.73  cspb  0.693372   0.000792035  14.529  csp  0.0141
1351.65  cspb  0.668909   0.00051715   14.529  csp  0.0141
1354.69  cspb  0.539221   0.000362075  14.529  csp  0.0141
1357.66  cspb  0.365902   0.00013734   14.529  csp  0.0141
1359.64  cspb  0.269753   7.4773e-05   14.529  csp  0.0141
1362.63  cspb  0.176916   3.72088e-05  14.529  csp  0.0141
1363.61  cspb  0.162692   3.31926e-05  14.529  csp  0.0141
1364.65  cspb  0.140659   2.30696e-05  14.529  csp  0.0141
1365.66  cspb  0.126289   2.24272e-05  14.529  csp  0.0141
1368.64  cspb  0.0898186  3.96347e-05  14.529  csp  0.0141
1376.55  cspb  0.0513531  3.04033e-06  14.529  csp  0.0141
1378.68  cspb  0.0465335  2.3764e-06   14.529  csp  0.0141
1380.63  cspb  0.045182   2.20759e-06  14.529  csp  0.0141
1382.63  cspb  0.0419727  2.14223e-06  14.529  csp  0.0141
1383.61  cspb  0.0425958  1.79927e-06  14.529  csp  0.0141
1385.62  cspb  0.0399362  2.07193e-06  14.529  csp  0.0141
1392.57  cspb  0.0362214  1.62321e-06  14.529  csp  0.0141
1394.61  cspb  0.0344324  2.23846e-06  14.529  csp  0.0141
1395.53  cspb  0.0339911  2.5889e-06   14.529  csp  0.0141
1400.56  cspb  0.0351696  3.34363e-06  14.529  csp  0.0141
1407.57  cspb  0.0259757  8.91341e-07  14.529  csp  0.0141
1417.55  cspb  0.02499    7.25472e-07  14.529  csp  0.0141
1421.53  cspb  0.0220682  8.99702e-07  14.529  csp  0.0141
1426.58  cspb  0.0231295  1.79366e-06  14.529  csp  0.0141
1440.53  cspb  0.018087   2.86005e-07  14.529  csp  0.0141
1348.76  cspg  1.41004    0.00451372   15.271  csp  0.0141
1349.73  cspg  1.45088    0.00565564   15.271  csp  0.0141
1351.65  cspg  1.43625    0.00393869   15.271  csp  0.0141
1354.69  cspg  1.22583    0.00265064   15.271  csp  0.0141
1357.66  cspg  0.934179   0.00134386   15.271  csp  0.0141
1359.64  cspg  0.729844   0.000725025  15.271  csp  0.0141
1362.63  cspg  0.498919   0.000336151  15.271  csp  0.0141
1363.61  cspg  0.45712    0.000315123  15.271  csp  0.0141
1364.65  cspg  0.393759   0.000217011  15.271  csp  0.0141
1365.66  cspg  0.347081   0.000180914  15.271  csp  0.0141
1368.64  cspg  0.249822   0.000159039  15.271  csp  0.0141
1375.56  cspg  0.149015   2.45824e-05  15.271  csp  0.0141
1376.55  cspg  0.128597   2.45655e-05  15.271  csp  0.0141
1378.68  cspg  0.132932   2.25827e-05  15.271  csp  0.0141
1380.63  cspg  0.122809   1.85257e-05  15.271  csp  0.0141
1382.63  cspg  0.119023   1.71307e-05  15.271  csp  0.0141
1383.61  cspg  0.114823   1.7083e-05   15.271  csp  0.0141
1385.62  cspg  0.107853   1.58244e-05  15.271  csp  0.0141
1392.57  cspg  0.0939356  1.20645e-05  15.271  csp  0.0141
1394.61  cspg  0.0902048  1.47957e-05  15.271  csp  0.0141
1395.53  cspg  0.0865426  1.54456e-05  15.271  csp  0.0141
1400.56  cspg  0.0783483  1.91624e-05  15.271  csp  0.0141
1407.57  cspg  0.0757235  9.05014e-06  15.271  csp  0.0141
1417.55  cspg  0.0641549  5.64719e-06  15.271  csp  0.0141
1421.53  cspg  0.0618345  6.66509e-06  15.271  csp  0.0141
1426.58  cspg  0.0555687  1.34528e-05  15.271  csp  0.0141
1440.53  cspg  0.0499378  5.85999e-06  15.271  csp  0.0141
1348.76  cspr  0.783315   0.00151678   14.975  csp  0.0141
1349.73  cspr  0.812712   0.00199573   14.975  csp  0.0141
1351.65  cspr  0.843987   0.00146222   14.975  csp  0.0141
1354.69  cspr  0.799348   0.00127648   14.975  csp  0.0141
1357.66  cspr  0.66917    0.000818489  14.975  csp  0.0141
1359.64  cspr  0.5986     0.000619459  14.975  csp  0.0141
1362.63  cspr  0.536952   0.000472077  14.975  csp  0.0141
1363.61  cspr  0.535964   0.000469907  14.975  csp  0.0141
1364.65  cspr  0.497893   0.000390853  14.975  csp  0.0141
1365.66  cspr  0.481655   0.000449699  14.975  csp  0.0141
1368.64  cspr  0.400992   0.000455033  14.975  csp  0.0141
1375.56  cspr  0.219552   7.57014e-05  14.975  csp  0.0141
1376.55  cspr  0.202272   5.13952e-05  14.975  csp  0.0141
1378.68  cspr  0.182111   5.53415e-05  14.975  csp  0.0141
1380.63  cspr  0.167932   6.45584e-05  14.975  csp  0.0141
1382.63  cspr  0.154859   3.69021e-05  14.975  csp  0.0141
1383.61  cspr  0.148025   3.7674e-05   14.975  csp  0.0141
1385.62  cspr  0.136879   3.09773e-05  14.975  csp  0.0141
1392.57  cspr  0.107631   2.75992e-05  14.975  csp  0.0141
1394.61  cspr  0.10017    2.1288e-05   14.975  csp  0.0141
1395.53  cspr  0.0972603  2.14237e-05  14.975  csp  0.0141
1400.56  cspr  0.0804519  1.74342e-05  14.975  csp  0.0141
1407.57  cspr  0.0641411  6.98448e-06  14.975  csp  0.0141
1417.55  cspr  0.0463805  3.88189e-06  14.975  csp  0.0141
1421.53  cspr  0.038365   3.22094e-06  14.975  csp  0.0141
1426.58  cspr  0.0339732  5.46651e-06  14.975  csp  0.0141
1428.54  cspr  0.0327442  6.71961e-06  14.975  csp  0.0141
1440.53  cspr  0.0206412  8.2066e-07   14.975  csp  0.0141
1348.76  cspi  0.361327   0.000619349  14.767  csp  0.0141
1349.73  cspi  0.358674   0.000608044  14.767  csp  0.0141
1351.65  cspi  0.35506    0.000370523  14.767  csp  0.0141
1354.69  cspi  0.32352    0.000352368  14.767  csp  0.0141
1357.66  cspi  0.2654     0.000178984  14.767  csp  0.0141
1359.64  cspi  0.250438   0.000154816  14.767  csp  0.0141
1362.63  cspi  0.259359   0.000168972  14.767  csp  0.0141
1363.61  cspi  0.275613   0.000196705  14.767  csp  0.0141
1364.65  cspi  0.270334   0.00018742   14.767  csp  0.0141
1365.66  cspi  0.272333   0.000190904  14.767  csp  0.0141
1368.64  cspi  0.251362   0.000218748  14.767  csp  0.0141
1375.56  cspi  0.138389   7.73104e-05  14.767  csp  0.0141
1376.55  cspi  0.130828   4.27507e-05  14.767  csp  0.0141
1378.68  cspi  0.115532   3.58044e-05  14.767  csp  0.0141
1380.63  cspi  0.104016   3.44227e-05  14.767  csp  0.0141
1382.63  cspi  0.0946021  2.71547e-05  14.767  csp  0.0141
1383.61  cspi  0.0891047  2.57181e-05  14.767  csp  0.0141
1385.62  cspi  0.0815644  2.2492e-05   14.767  csp  0.0141
1392.57  cspi  0.0637823  1.62169e-05  14.767  csp  0.0141
1394.61  cspi  0.0561695  1.18023e-05  14.767  csp  0.0141
1395.53  cspi  0.0553478  1.20863e-05  14.767  csp  0.0141
1400.56  cspi  0.046548   1.06065e-05  14.767  csp  0.0141
1407.57  cspi  0.036166   5.15305e-06  14.767  csp  0.0141
1417.55  cspi  0.026638   3.19892e-06  14.767  csp  0.0141
1421.53  cspi  0.0225476  1.88272e-06  14.767  csp  0.0141
1426.58  cspi  0.0201326  3.06365e-06  14.767  csp  0.0141
1428.54  cspi  0.0180593  2.55092e-06  14.767  csp  0.0141
1440.53  cspi  0.0140702  7.64468e-07  14.767  csp  0.0141