#time    band  flux        fluxerr      zp     zpsys redshift
396.77  cspg  0.265291    0.000982439  15.271  csp  0.022
397.73  cspg  0.29439     0.00082836   15.271  csp  0.022
398.76  cspg  0.335833    0.00079711   15.271  csp  0.022
399.72  cspg  0.366204    0.0010997    15.271  csp  0.022
400.72  cspg  0.396025    0.000936211  15.271  csp  0.022
401.7   cspg  0.412404    0.00103603   15.271  csp  0.022
402.69  cspg  0.435836    0.00118953   15.271  csp  0.022
403.74  cspg  0.460599    0.00175597   15.271  csp  0.022
404.72  cspg  0.464433    0.00159355   15.271  csp  0.022
406.72  cspg  0.474813    0.0018946    15.271  csp  0.022
407.77  cspg  0.459328    0.00135636   15.271  csp  0.022
408.73  cspg  0.455536    0.00151833   15.271  csp  0.022
409.73  cspg  0.445988    0.00126001   15.271  csp  0.022
410.74  cspg  0.434233    0.00101025   15.271  csp  0.022
411.73  cspg  0.420458    0.000932024  15.271  csp  0.022
412.72  cspg  0.402646    0.000836425  15.271  csp  0.022
413.7   cspg  0.384878    0.00112077   15.271  csp  0.022
414.68  cspg  0.369933    0.000902331  15.271  csp  0.022
415.73  cspg  0.357209    0.000723392  15.271  csp  0.022
416.66  cspg  0.33894     0.000725046  15.271  csp  0.022
417.71  cspg  0.319244    0.00062426   15.271  csp  0.022
418.71  cspg  0.29876     0.00052889   15.271  csp  0.022
419.68  cspg  0.27805     0.000441942  15.271  csp  0.022
420.74  cspg  0.254052    0.000484918  15.271  csp  0.022
421.77  cspg  0.233197    0.000533786  15.271  csp  0.022
422.69  cspg  0.221067    0.000498191  15.271  csp  0.022
423.66  cspg  0.201059    0.00132638   15.271  csp  0.022
424.67  cspg  0.185406    0.00078224   15.271  csp  0.022
425.66  cspg  0.172871    0.000420936  15.271  csp  0.022
426.67  cspg  0.160888    0.00022511   15.271  csp  0.022
427.67  cspg  0.149459    0.000175536  15.271  csp  0.022
428.64  cspg  0.138971    0.000126829  15.271  csp  0.022
429.66  cspg  0.127093    9.3639e-05   15.271  csp  0.022
430.65  cspg  0.118939    9.25558e-05  15.271  csp  0.022
431.62  cspg  0.110694    6.62914e-05  15.271  csp  0.022
432.65  cspg  0.104453    5.73399e-05  15.271  csp  0.022
436.66  cspg  0.0793822   2.40589e-05  15.271  csp  0.022
438.65  cspg  0.0703595   2.13529e-05  15.271  csp  0.022
444.67  cspg  0.0521102   1.09199e-05  15.271  csp  0.022
445.66  cspg  0.0489016   9.31578e-06  15.271  csp  0.022
446.67  cspg  0.0465718   9.51408e-06  15.271  csp  0.022
452.6   cspg  0.0392395   7.02627e-05  15.271  csp  0.022
453.58  cspg  0.0397487   1.87814e-05  15.271  csp  0.022
454.61  cspg  0.0369933   1.17704e-05  15.271  csp  0.022
455.62  cspg  0.0383816   1.36881e-05  15.271  csp  0.022
456.59  cspg  0.0341761   9.36323e-06  15.271  csp  0.022
457.59  cspg  0.0340191   8.09904e-06  15.271  csp  0.022
458.58  cspg  0.0335215   5.29699e-06  15.271  csp  0.022
459.57  cspg  0.0328188   4.49495e-06  15.271  csp  0.022
460.57  cspg  0.0325479   3.6258e-06   15.271  csp  0.022
464.55  cspg  0.0311116   3.00759e-06  15.271  csp  0.022
465.61  cspg  0.0297114   2.47433e-06  15.271  csp  0.022
466.6   cspg  0.0298211   3.12153e-06  15.271  csp  0.022
472.55  cspg  0.0271971   1.81831e-06  15.271  csp  0.022
474.53  cspg  0.026627    2.03807e-06  15.271  csp  0.022
476.52  cspg  0.0252885   2.34274e-06  15.271  csp  0.022
478.55  cspg  0.0255225   3.8075e-06   15.271  csp  0.022
479.55  cspg  0.0254286   6.5671e-06   15.271  csp  0.022
480.51  cspg  0.0252187   3.69521e-06  15.271  csp  0.022
397.73  cspr  0.21931     0.000426309  14.975  csp  0.022
398.76  cspr  0.245165    0.000298207  14.975  csp  0.022
399.72  cspr  0.272809    0.000476067  14.975  csp  0.022
400.72  cspr  0.285666    0.000339918  14.975  csp  0.022
401.7   cspr  0.308077    0.000410557  14.975  csp  0.022
402.69  cspr  0.317       0.000503925  14.975  csp  0.022
403.74  cspr  0.326783    0.000475744  14.975  csp  0.022
404.72  cspr  0.3378      0.000590698  14.975  csp  0.022
406.72  cspr  0.345032    0.000700678  14.975  csp  0.022
407.77  cspr  0.349832    0.000644712  14.975  csp  0.022
408.73  cspr  0.354046    0.000830378  14.975  csp  0.022
409.73  cspr  0.348224    0.000637332  14.975  csp  0.022
410.74  cspr  0.349832    0.000564123  14.975  csp  0.022
411.73  cspr  0.342184    0.00061005   14.975  csp  0.022
412.72  cspr  0.335629    0.000581254  14.975  csp  0.022
413.7   cspr  0.324982    0.000603279  14.975  csp  0.022
414.68  cspr  0.314963    0.000433884  14.975  csp  0.022
415.73  cspr  0.301342    0.000554978  14.975  csp  0.022
416.66  cspr  0.289374    0.000451355  14.975  csp  0.022
417.71  cspr  0.273816    0.000436793  14.975  csp  0.022
418.71  cspr  0.261975    0.00035198   14.975  csp  0.022
419.68  cspr  0.246297    0.00030166   14.975  csp  0.022
420.74  cspr  0.236515    0.000272595  14.975  csp  0.022
421.77  cspr  0.220323    0.000279041  14.975  csp  0.022
422.69  cspr  0.214713    0.000285402  14.975  csp  0.022
424.67  cspr  0.210213    0.000699258  14.975  csp  0.022
425.66  cspr  0.20317     0.000372862  14.975  csp  0.022
426.67  cspr  0.198545    0.000254225  14.975  csp  0.022
427.67  cspr  0.192247    0.0002165    14.975  csp  0.022
428.64  cspr  0.190309    0.000228675  14.975  csp  0.022
429.66  cspr  0.185977    0.000149458  14.975  csp  0.022
430.65  cspr  0.181075    0.000139804  14.975  csp  0.022
431.62  cspr  0.175331    0.00014331   14.975  csp  0.022
432.65  cspr  0.174044    0.000140694  14.975  csp  0.022
436.66  cspr  0.153553    9.25802e-05  14.975  csp  0.022
438.65  cspr  0.1457      8.11929e-05  14.975  csp  0.022
444.67  cspr  0.106625    4.1331e-05   14.975  csp  0.022
445.66  cspr  0.10239     3.73487e-05  14.975  csp  0.022
446.67  cspr  0.0952926   3.43296e-05  14.975  csp  0.022
453.58  cspr  0.0700582   3.03735e-05  14.975  csp  0.022
454.61  cspr  0.0696721   2.42507e-05  14.975  csp  0.022
455.62  cspr  0.0677734   2.26321e-05  14.975  csp  0.022
456.59  cspr  0.0656235   1.84233e-05  14.975  csp  0.022
457.59  cspr  0.0641297   1.39142e-05  14.975  csp  0.022
458.58  cspr  0.062497    1.41325e-05  14.975  csp  0.022
459.57  cspr  0.060181    1.18702e-05  14.975  csp  0.022
460.57  cspr  0.0579508   1.08008e-05  14.975  csp  0.022
464.55  cspr  0.0528517   9.29435e-06  14.975  csp  0.022
465.61  cspr  0.0510339   7.86062e-06  14.975  csp  0.022
466.6   cspr  0.0496889   7.35287e-06  14.975  csp  0.022
472.55  cspr  0.0425265   4.15218e-06  14.975  csp  0.022
474.53  cspr  0.0400552   3.9325e-06   14.975  csp  0.022
476.52  cspr  0.0383583   5.13329e-06  14.975  csp  0.022
478.55  cspr  0.0363295   4.76129e-06  14.975  csp  0.022
479.55  cspr  0.0341869   8.6612e-06   14.975  csp  0.022
480.51  cspr  0.0344397   5.1463e-06   14.975  csp  0.022
397.73  cspi  0.118886    0.000227339  14.767  csp  0.022
398.76  cspi  0.132902    0.00010358   14.767  csp  0.022
399.72  cspi  0.145456    0.00011682   14.767  csp  0.022
400.72  cspi  0.152873    8.81915e-05  14.767  csp  0.022
401.7   cspi  0.161262    0.000117591  14.767  csp  0.022
402.69  cspi  0.15993     0.000115179  14.767  csp  0.022
403.74  cspi  0.159489    0.000114386  14.767  csp  0.022
404.72  cspi  0.156002    0.000123699  14.767  csp  0.022
406.72  cspi  0.147343    0.000134053  14.767  csp  0.022
407.77  cspi  0.145054    0.000141797  14.767  csp  0.022
408.73  cspi  0.141361    0.000132944  14.767  csp  0.022
409.73  cspi  0.139936    0.000117835  14.767  csp  0.022
410.74  cspi  0.136877    0.00012265   14.767  csp  0.022
411.73  cspi  0.130476    0.00010881   14.767  csp  0.022
412.72  cspi  0.128686    0.00014334   14.767  csp  0.022
413.7   cspi  0.125179    0.000107018  14.767  csp  0.022
414.68  cspi  0.116287    9.64315e-05  14.767  csp  0.022
415.73  cspi  0.112391    8.17442e-05  14.767  csp  0.022
416.66  cspi  0.104986    7.46825e-05  14.767  csp  0.022
417.71  cspi  0.100168    6.12995e-05  14.767  csp  0.022
418.71  cspi  0.0940873   5.67831e-05  14.767  csp  0.022
419.68  cspi  0.0887832   4.53374e-05  14.767  csp  0.022
420.74  cspi  0.0858877   5.21635e-05  14.767  csp  0.022
421.77  cspi  0.0873235   7.61193e-05  14.767  csp  0.022
422.69  cspi  0.0825526   8.81929e-05  14.767  csp  0.022
425.66  cspi  0.0866824   0.000120991  14.767  csp  0.022
426.67  cspi  0.0865229   6.73022e-05  14.767  csp  0.022
427.67  cspi  0.0896047   6.57241e-05  14.767  csp  0.022
428.64  cspi  0.0878074   5.88025e-05  14.767  csp  0.022
429.66  cspi  0.0882127   4.83302e-05  14.767  csp  0.022
430.65  cspi  0.0905172   5.15489e-05  14.767  csp  0.022
431.62  cspi  0.0916075   6.12868e-05  14.767  csp  0.022
432.65  cspi  0.0895222   5.78585e-05  14.767  csp  0.022
436.66  cspi  0.0874845   4.7339e-05   14.767  csp  0.022
438.65  cspi  0.088294    4.47154e-05  14.767  csp  0.022
444.67  cspi  0.0691084   2.42358e-05  14.767  csp  0.022
445.66  cspi  0.0649129   2.07232e-05  14.767  csp  0.022
446.67  cspi  0.06131     1.94634e-05  14.767  csp  0.022
453.58  cspi  0.0408067   1.51507e-05  14.767  csp  0.022
454.61  cspi  0.0414125   1.06667e-05  14.767  csp  0.022
455.62  cspi  0.0388267   1.00345e-05  14.767  csp  0.022
456.59  cspi  0.0384      9.2962e-06   14.767  csp  0.022
457.59  cspi  0.0371134   7.25646e-06  14.767  csp  0.022
458.58  cspi  0.0357052   6.58756e-06  14.767  csp  0.022
459.57  cspi  0.0340982   5.52581e-06  14.767  csp  0.022
460.57  cspi  0.0328951   5.05121e-06  14.767  csp  0.022
464.55  cspi  0.0289155   4.11669e-06  14.767  csp  0.022
465.61  cspi  0.0275887   3.25384e-06  14.767  csp  0.022
466.6   cspi  0.0269855   3.84863e-06  14.767  csp  0.022
472.55  cspi  0.0214354   2.48888e-06  14.767  csp  0.022
474.53  cspi  0.0210248   1.95898e-06  14.767  csp  0.022
476.52  cspi  0.019803    1.95298e-06  14.767  csp  0.022
478.55  cspi  0.0192279   2.14412e-06  14.767  csp  0.022
479.55  cspi  0.0195493   4.64162e-06  14.767  csp  0.022
480.51  cspi  0.0171684   2.29867e-06  14.767  csp  0.022
397.73  cspb  0.138483    0.000136842  14.529  csp  0.022
398.76  cspb  0.152825    0.000121204  14.529  csp  0.022
399.72  cspb  0.168343    0.000154354  14.529  csp  0.022
400.72  cspb  0.180051    0.000162318  14.529  csp  0.022
401.7   cspb  0.189756    0.000138812  14.529  csp  0.022
402.69  cspb  0.196153    0.000175944  14.529  csp  0.022
403.74  cspb  0.205776    0.000198323  14.529  csp  0.022
404.72  cspb  0.20768     0.000231935  14.529  csp  0.022
406.72  cspb  0.209795    0.00026762   14.529  csp  0.022
407.77  cspb  0.204454    0.000223031  14.529  csp  0.022
408.73  cspb  0.200537    0.000239066  14.529  csp  0.022
409.73  cspb  0.195252    0.000223624  14.529  csp  0.022
410.74  cspb  0.188016    0.00018087   14.529  csp  0.022
411.73  cspb  0.181049    0.000144004  14.529  csp  0.022
412.72  cspb  0.171       0.000142681  14.529  csp  0.022
413.7   cspb  0.166033    0.000149114  14.529  csp  0.022
414.68  cspb  0.157107    0.000115442  14.529  csp  0.022
415.73  cspb  0.145678    0.000119475  14.529  csp  0.022
416.66  cspb  0.137213    9.25802e-05  14.529  csp  0.022
417.71  cspb  0.126065    8.32292e-05  14.529  csp  0.022
418.71  cspb  0.116358    6.13081e-05  14.529  csp  0.022
419.68  cspb  0.106708    6.03488e-05  14.529  csp  0.022
420.74  cspb  0.0955422   4.57792e-05  14.529  csp  0.022
421.77  cspb  0.0851521   4.68131e-05  14.529  csp  0.022
422.69  cspb  0.0810206   7.44114e-05  14.529  csp  0.022
424.67  cspb  0.0652522   8.34217e-05  14.529  csp  0.022
426.67  cspb  0.0558464   2.71779e-05  14.529  csp  0.022
427.67  cspb  0.0534805   2.14634e-05  14.529  csp  0.022
428.64  cspb  0.0475768   1.74778e-05  14.529  csp  0.022
429.66  cspb  0.0443604   1.65059e-05  14.529  csp  0.022
430.65  cspb  0.0414377   1.08267e-05  14.529  csp  0.022
431.62  cspb  0.0372388   8.28886e-06  14.529  csp  0.022
432.65  cspb  0.0335889   6.70963e-06  14.529  csp  0.022
436.66  cspb  0.0259535   2.2408e-06   14.529  csp  0.022
438.65  cspb  0.0234097   1.97877e-06  14.529  csp  0.022
444.67  cspb  0.0171631   1.13843e-06  14.529  csp  0.022
445.66  cspb  0.0166646   1.00468e-06  14.529  csp  0.022
446.67  cspb  0.0157687   1.01321e-06  14.529  csp  0.022
453.58  cspb  0.0123309   1.59388e-06  14.529  csp  0.022
454.61  cspb  0.0132738   1.49708e-06  14.529  csp  0.022
455.62  cspb  0.0117003   1.31047e-06  14.529  csp  0.022
456.59  cspb  0.0117868   1.00112e-06  14.529  csp  0.022
457.59  cspb  0.0112667   7.15448e-07  14.529  csp  0.022
458.58  cspb  0.0117868   6.89664e-07  14.529  csp  0.022
459.57  cspb  0.0113083   5.01436e-07  14.529  csp  0.022
460.57  cspb  0.0110814   3.24134e-07  14.529  csp  0.022
464.55  cspb  0.0103704   3.39231e-07  14.529  csp  0.022
465.61  cspb  0.0104567   3.46334e-07  14.529  csp  0.022
466.6   cspb  0.00991278  3.03037e-07  14.529  csp  0.022
472.55  cspb  0.00933674  2.23639e-07  14.529  csp  0.022
474.53  cspb  0.008778    2.44908e-07  14.529  csp  0.022
476.52  cspb  0.00934535  3.86045e-07  14.529  csp  0.022
478.55  cspb  0.00864163  3.68619e-07  14.529  csp  0.022
479.55  cspb  0.0085624   5.30337e-07  14.529  csp  0.022
480.51  cspb  0.00842162  3.93604e-07  14.529  csp  0.022