0.611501   0.00365986   4.40202e-05
0.703338   0.00460126   6.13905e-05
0.797943   0.00563171   8.22257e-05
0.892168   0.00672273   0.000105957
0.981989   0.00783563   0.000131648
1.06397    0.00892088   0.000158031
1.13624    0.00992571   0.000183498
1.19814    0.0108002    0.000206246
1.24885    0.0115036    0.00022457
1.28669    0.0120088    0.000237123
1.30972    0.0122986    0.000243082
1.31677    0.0123627    0.000242177
1.30821    0.0121986    0.000234658
1.28551    0.0118176    0.000221242
1.25061    0.0112427    0.000203044
1.20542    0.010504     0.000181459
1.15171    0.0096369    0.000157986
1.09106    0.00868367   0.000134084
1.0248     0.00769016   0.000111047
0.954141   0.0066991    8.98956e-05
0.880602   0.00574646   7.12864e-05
0.806026   0.00485969   5.55031e-05
0.732203   0.00405691   4.25315e-05
0.660421   0.00334818   3.21544e-05
0.59151    0.00273641   2.40415e-05
0.526265   0.002218     1.78182e-05
0.465656   0.00178509   1.31173e-05
0.410557   0.00142803   9.61247e-06
0.361349   0.00113699   7.03074e-06
0.317831   0.000902694  5.14996e-06
0.279498   0.000716505  3.79188e-06
0.245862   0.000570312  2.81666e-06
0.216599   0.000456675  2.11716e-06
0.191482   0.000369089  1.61391e-06
0.17024    0.000302086  1.24947e-06
0.152459   0.000251127  9.8359e-07
0.137641   0.000212443  7.87706e-07
0.125364   0.000182965  6.41851e-07
0.115383   0.000160277  5.32379e-07
0.107523   0.000142556  4.49225e-07
0.101503   0.000128584  3.85574e-07
0.096902   0.000117612  3.36814e-07
0.0933153  0.000109092  2.99687e-07
0.090489   0.000102614  2.71767e-07
0.0882988  9.78612e-05  2.51185e-07
0.0866456  9.44971e-05  2.36498e-07
0.0853981  9.21501e-05  2.26406e-07
0.0844014  9.04428e-05  2.19717e-07
0.0835048  8.90068e-05  2.1504e-07
0.082578   8.75073e-05  2.11007e-07
0.081518   8.56782e-05  2.06103e-07
0.0802531  8.33466e-05  1.98879e-07
0.0787477  8.044e-05    1.90838e-07
0.0770031  7.69816e-05  1.79579e-07
0.0750533  7.3076e-05   1.66245e-07
0.072965   6.88942e-05  1.51604e-07
0.0707956  6.46176e-05  1.36575e-07
0.0686318  6.04417e-05  1.22089e-07
0.0665435  5.65235e-05  1.08889e-07
0.064582   5.29744e-05  9.7451e-08
0.062775   4.98618e-05  8.79766e-08