 6.90906    10.4847    -4.39983
 7.8741     11.0718    -4.90887
 8.84827    11.4992    -5.39394
 9.81914    11.7268    -5.7982
10.7774     11.7174    -6.03192
11.7079     11.4574    -5.97304
12.5883     10.9336    -5.53936
13.394      10.1032    -4.75524
14.1019      8.91685   -3.72479
14.6905      7.36062   -2.56915
15.1393      5.46946   -1.39752
15.432       3.31528   -0.295361
15.5629      0.986337   0.692844
15.5424     -1.43296    1.57192
15.3942     -3.87118    2.37326
15.141      -6.25427    3.11156
14.7897     -8.4709     3.76104
14.3278    -10.3542     4.27057
13.7357    -11.7231     4.59429
13.0086    -12.4822     4.70603
12.173     -12.7096     4.59394
11.2826    -12.6317     4.25772
10.3929    -12.4699     3.73111
 9.53612   -12.2845     3.10477
 8.71603   -11.9734     2.49779
 7.925     -11.4119     1.99087
 7.16189   -10.578      1.58957
 6.43686    -9.55943    1.24584
 5.76597    -8.48827    0.903316
 5.16391    -7.48095    0.527924
 4.63761    -6.59826    0.120189
 4.18292    -5.82775   -0.286289
 3.7883     -5.11309   -0.64333
 3.44346    -4.41635   -0.915454
 3.14456    -3.75179   -1.09388
 2.8914     -3.16223   -1.18911
 2.68123    -2.67751   -1.21841
 2.50573    -2.30034   -1.20345
 2.35295    -2.01877   -1.17213
 2.2121     -1.82002   -1.15204
 2.07761    -1.69274   -1.15696
 1.94972    -1.62348   -1.17934
 1.83187    -1.59541   -1.1959
 1.72734    -1.59065   -1.18146
 1.63752    -1.5933    -1.12099
 1.56178    -1.59139   -1.01545
 1.49781    -1.57763   -0.88199
 1.44208    -1.54921   -0.749593
 1.39072    -1.50657   -0.650288
 1.34071    -1.45155   -0.607866
 1.29091    -1.38527   -0.628949
 1.24206    -1.30713   -0.701474
 1.19588    -1.21519   -0.801495
 1.15374    -1.1075    -0.903898
 1.11587    -0.983443  -0.990701
 1.08138    -0.844927  -1.05353
 1.04899    -0.697281  -1.09143
 1.01772    -0.549008  -1.10697
 0.987067   -0.409792  -1.10342
 0.956858   -0.287798  -1.08348
 0.926924   -0.187699  -1.04867