0.49904   0.000898732  2.50081e-06
0.570653  0.00116192   3.74138e-06
0.636396  0.00140559   4.98005e-06
0.693075  0.00159435   5.91199e-06
0.738229  0.00170405   6.3153e-06
0.770636  0.00172961   6.16697e-06
0.790509  0.0016854    5.63688e-06
0.799301  0.00159778   4.96977e-06
0.799273  0.00149397   4.35247e-06
0.792974  0.00139344   3.85741e-06
0.782719  0.00130527   3.47263e-06
0.770184  0.00123092   3.16032e-06
0.756238  0.00116917   2.9011e-06
0.741024  0.00111916   2.69563e-06
0.724145  0.00107964   2.55228e-06
0.704904  0.00104625   2.46414e-06
0.682548  0.00101056   2.39258e-06
0.656521  0.000962401  2.2749e-06
0.626687  0.000894394  2.05917e-06
0.593476  0.000805853  1.74237e-06
0.557861  0.000703777  1.37853e-06
0.52118   0.000600327  1.04783e-06
0.484848  0.000508329  8.10266e-07
0.450144  0.000437032  6.76393e-07
0.418352  0.000389593  6.13835e-07
0.3906    0.000363304  5.76169e-07
0.367611  0.000351839  5.31389e-07
0.349695  0.000348014  4.73657e-07
0.336731  0.000346105  4.15724e-07
0.328185  0.000343021  3.74385e-07
0.323158  0.000338251  3.59661e-07
0.320714  0.000332842  3.71806e-07
0.320074  0.000328236  4.30506e-07
0.320463  0.000325454  4.49068e-07
0.321159  0.00032468   4.97628e-07
0.321565  0.000325236  5.43488e-07
0.321199  0.00032589   5.81517e-07
0.319677  0.00032527   6.07546e-07
0.316717  0.000322229  6.19255e-07
0.312154  0.000316078  6.1597e-07
0.305962  0.00030666   5.98855e-07
0.298257  0.000294286  5.70355e-07
0.289249  0.000279566  5.33622e-07
0.279202  0.000263218  4.91825e-07
0.268395  0.000245935  4.47723e-07
0.257106  0.000228294  4.03335e-07
0.245603  0.00021073   3.60131e-07
0.234129  0.000193549  3.18941e-07
0.222886  0.000176964  2.80282e-07
0.211993  0.000161151  2.44382e-07
0.201486  0.000146263  2.1172e-07
0.19138   0.000132406  1.81925e-07
0.181651  0.000119646  1.55329e-07
0.172247  0.000108019  1.32261e-07
0.163171  9.7539e-05   1.1246e-07
0.154491  8.82071e-05  9.56682e-08
0.146318  8.00024e-05  8.19173e-08
0.138762  7.28812e-05  7.0573e-08
0.13191   6.67879e-05  6.16456e-08
0.125808  6.16539e-05  5.44654e-08
0.12046   5.73879e-05  4.8888e-08