0.704372  0.00175228   8.22615e-06
0.814597  0.00231474   1.27747e-05
0.926381  0.00292834   1.84428e-05
1.03671   0.00356292   2.49312e-05
1.14231   0.00418652   3.1815e-05
1.24036   0.00476969   3.86324e-05
1.32885   0.00529035   4.49533e-05
1.40644   0.00573541   5.04151e-05
1.47214   0.00609839   5.47422e-05
1.52509   0.0063756    5.7743e-05
1.56451   0.00656288   5.93086e-05
1.58991   0.00665615   5.94369e-05
1.60137   0.0066572    5.82718e-05
1.59959   0.00657649   5.60713e-05
1.58567   0.00642676   5.31249e-05
1.56077   0.00621542   4.96388e-05
1.52579   0.00594466   4.57198e-05
1.48137   0.00561613   4.14041e-05
1.42812   0.00523404   3.67384e-05
1.36685   0.00480694   3.18822e-05
1.29884   0.0043502    2.70255e-05
1.22586   0.0038863    2.25532e-05
1.15012   0.00344064   1.87106e-05
1.07399   0.00303498   1.56038e-05
0.999731  0.00268237   1.3162e-05
0.929349  0.00238565   1.12162e-05
0.864378  0.00213949   9.60135e-06
0.805728  0.00193422   8.21721e-06
0.753623  0.00175977   7.03174e-06
0.707727  0.00160812   6.04748e-06
0.667403  0.00147407   5.26614e-06
0.631964  0.0013547    4.67072e-06
0.6008    0.00124839   4.22635e-06
0.573355  0.00115397   3.89036e-06
0.549056  0.00107029   3.62221e-06
0.52726   0.000996023  3.39126e-06
0.507256  0.000929426  3.17675e-06
0.48832   0.000868144  2.96599e-06
0.469802  0.000809401  2.74971e-06
0.45123   0.000750941  2.52177e-06
0.432401  0.00069223   2.28375e-06
0.413403  0.000634724  2.04586e-06
0.394555  0.000580708  1.81986e-06
0.376274  0.000531762  1.61317e-06
0.358933  0.000488248  1.42909e-06
0.34276   0.000449898  1.26998e-06
0.327786  0.000416413  1.1363e-06
0.313864  0.000387343  1.02611e-06
0.300727  0.00036166   9.35535e-07
0.288088  0.000337916  8.58665e-07
0.27573   0.00031496   7.89502e-07
0.26356   0.000292459  7.24391e-07
0.251609  0.000270715  6.61896e-07
0.239991  0.00025014   6.01416e-07
0.228849  0.000230968  5.42912e-07
0.218318  0.000213245  4.86902e-07
0.2085    0.000196988  4.34382e-07
0.199456  0.000182211  3.86405e-07
0.191201  0.000168903  3.43674e-07
0.183701  0.000157031  3.06447e-07
0.176884  0.00014648   2.74517e-07