4760  1e-08
4780  0.00150685
4800  0.00741042
4820  0.0238202
4840  0.0587571
4860  0.116018
4880  0.190109
4900  0.271673
4920  0.350233
4940  0.419479
4960  0.477252
4980  0.52316
5000  0.559852
5020  0.58564
5040  0.605794
5060  0.621175
5080  0.633281
5100  0.642257
5120  0.647998
5140  0.654116
5160  0.657588
5180  0.660113
5200  0.6605
5220  0.660902
5240  0.662233
5260  0.663185
5280  0.661581
5300  0.659051
5320  0.657578
5340  0.653038
5360  0.648701
5380  0.644789
5400  0.637323
5420  0.630552
5440  0.623481
5460  0.613239
5480  0.603661
5500  0.593214
5520  0.579755
5540  0.566392
5560  0.552069
5580  0.535876
5600  0.517546
5620  0.498184
5640  0.479306
5660  0.459278
5680  0.438688
5700  0.417996
5720  0.396472
5740  0.3746
5760  0.352406
5780  0.330958
5800  0.309615
5820  0.288729
5840  0.268662
5860  0.249048
5880  0.230078
5900  0.211381
5920  0.193477
5940  0.176795
5960  0.160496
5980  0.144904
6000  0.130523
6020  0.116773
6040  0.103952
6060  0.0922771
6080  0.0814766
6100  0.0714863
6120  0.0623925
6140  0.054206
6160  0.0468553
6180  0.0402344
6200  0.0343483
6220  0.0291336
6240  0.0245772
6260  0.0205752
6280  0.0171178
6300  0.0141195
6320  0.0115294
6340  0.00933555
6360  0.00750223
6380  0.00595758
6400  0.0046862
6420  0.00358322
6440  0.00269997
6460  0.00194827
6480  0.00131993
6500  0.0008311
6520  0.00037842